1.000000000000000000e+00 1.000000000000000000e+00 1.000000000000000000e+00 1.000000000000000000e+00 1.000000000000000000e+00 1.000000000000000000e+00 1.000000000000000000e+00 1.000000000000000000e+00 1.000000000000000000e+00 1.000000000000000000e+00 1.000000000000000000e+00 1.000000000000000000e+00 1.000000000000000000e+00 1.000000000000000000e+00 1.000000000000000000e+00 1.000000000000000000e+00
2.980782500690035697e-01 2.980782500690035697e-01 2.980782500690035697e-01 2.980782500690035697e-01 2.057600745238752360e-01 2.057600745238752360e-01 2.057600745238752360e-01 2.057600745238752360e-01 2.014300993651669813e-01 2.014300993651669813e-01 2.014300993651669813e-01 2.014300993651669813e-01 2.947315760419541575e-01 2.947315760419541575e-01 2.947315760419541575e-01 2.947315760419541575e-01
2.980437482749103140e-01 2.980437482749103140e-01 2.980437482749103140e-01 2.980437482749103140e-01 2.042506210322936888e-01 2.042506210322936888e-01 2.042506210322936888e-01 2.042506210322936888e-01 2.010592050786640939e-01 2.010592050786640939e-01 2.010592050786640939e-01 2.010592050786640939e-01 2.966464256141319589e-01 2.966464256141319589e-01 2.966464256141319589e-01 2.966464256141319589e-01
2.965687965774220225e-01 2.965687965774220225e-01 2.965687965774220225e-01 2.965687965774220225e-01 2.035950869445211087e-01 2.035950869445211087e-01 2.035950869445211087e-01 2.035950869445211087e-01 2.028015456803753669e-01 2.028015456803753669e-01 2.028015456803753669e-01 2.028015456803753669e-01 2.970345707976814742e-01 2.970345707976814742e-01 2.970345707976814742e-01 2.970345707976814742e-01
2.939035329837151322e-01 2.939035329837151322e-01 2.939035329837151322e-01 2.939035329837151322e-01 2.041384902014904690e-01 2.041384902014904690e-01 2.041384902014904690e-01 2.041384902014904690e-01 2.062430996411813433e-01 2.062430996411813433e-01 2.062430996411813433e-01 2.062430996411813433e-01 2.957148771736130555e-01 2.957148771736130555e-01 2.957148771736130555e-01 2.957148771736130555e-01
2.911347640077284193e-01 2.911347640077284193e-01 2.911347640077284193e-01 2.911347640077284193e-01 2.071315208390836216e-01 2.071315208390836216e-01 2.071315208390836216e-01 2.071315208390836216e-01 2.092965084184377489e-01 2.092965084184377489e-01 2.092965084184377489e-01 2.092965084184377489e-01 2.924372067347502102e-01 2.924372067347502102e-01 2.924372067347502102e-01 2.924372067347502102e-01
2.899962048026497596e-01 2.899962048026497596e-01 2.899962048026497596e-01 2.899962048026497596e-01 2.106507038365995066e-01 2.106507038365995066e-01 2.106507038365995066e-01 2.106507038365995066e-01 2.101418023737234297e-01 2.101418023737234297e-01 2.101418023737234297e-01 2.101418023737234297e-01 2.892112889870273040e-01 2.892112889870273040e-01 2.892112889870273040e-01 2.892112889870273040e-01
2.885643803477780933e-01 2.885643803477780933e-01 2.885643803477780933e-01 2.885643803477780933e-01 2.149806789953077613e-01 2.149806789953077613e-01 2.149806789953077613e-01 2.149806789953077613e-01 2.095638973226607860e-01 2.095638973226607860e-01 2.095638973226607860e-01 2.095638973226607860e-01 2.868910433342533595e-01 2.868910433342533595e-01 2.868910433342533595e-01 2.868910433342533595e-01
2.894959287882969967e-01 2.894959287882969967e-01 2.894959287882969967e-01 2.894959287882969967e-01 2.152135661054374871e-01 2.152135661054374871e-01 2.152135661054374871e-01 2.152135661054374871e-01 2.094690173889042217e-01 2.094690173889042217e-01 2.094690173889042217e-01 2.094690173889042217e-01 2.858214877173613222e-01 2.858214877173613222e-01 2.858214877173613222e-01 2.858214877173613222e-01
2.922129450731438260e-01 2.922129450731438260e-01 2.922129450731438260e-01 2.922129450731438260e-01 2.134971018492961559e-01 2.134971018492961559e-01 2.134971018492961559e-01 2.134971018492961559e-01 2.093741374551476575e-01 2.093741374551476575e-01 2.093741374551476575e-01 2.093741374551476575e-01 2.849158156224123606e-01 2.849158156224123606e-01 2.849158156224123606e-01 2.849158156224123606e-01
2.945763179685343403e-01 2.945763179685343403e-01 2.945763179685343403e-01 2.945763179685343403e-01 2.098744134695004204e-01 2.098744134695004204e-01 2.098744134695004204e-01 2.098744134695004204e-01 2.075800441622964454e-01 2.075800441622964454e-01 2.075800441622964454e-01 2.075800441622964454e-01 2.879692243996687662e-01 2.879692243996687662e-01 2.879692243996687662e-01 2.879692243996687662e-01
2.959391388352194396e-01 2.959391388352194396e-01 2.959391388352194396e-01 2.959391388352194396e-01 2.082787054926856229e-01 2.082787054926856229e-01 2.082787054926856229e-01 2.082787054926856229e-01 2.050010350538228054e-01 2.050010350538228054e-01 2.050010350538228054e-01 2.050010350538228054e-01 2.907811206182721597e-01 2.907811206182721597e-01 2.907811206182721597e-01 2.907811206182721597e-01
2.976469776428374292e-01 2.976469776428374292e-01 2.976469776428374292e-01 2.976469776428374292e-01 2.073730333977366891e-01 2.073730333977366891e-01 2.073730333977366891e-01 2.073730333977366891e-01 2.020856334529395615e-01 2.020856334529395615e-01 2.020856334529395615e-01 2.020856334529395615e-01 2.928943555064863480e-01 2.928943555064863480e-01 2.928943555064863480e-01 2.928943555064863480e-01
2.961547750483025099e-01 2.961547750483025099e-01 2.961547750483025099e-01 2.961547750483025099e-01 2.085374689483853183e-01 2.085374689483853183e-01 2.085374689483853183e-01 2.085374689483853183e-01 2.042764973778636584e-01 2.042764973778636584e-01 2.042764973778636584e-01 2.042764973778636584e-01 2.910312586254485412e-01 2.910312586254485412e-01 2.910312586254485412e-01 2.910312586254485412e-01
2.957493789677063112e-01 2.957493789677063112e-01 2.957493789677063112e-01 2.957493789677063112e-01 2.094431410433342522e-01 2.094431410433342522e-01 2.094431410433342522e-01 2.094431410433342522e-01 2.062948523323212824e-01 2.062948523323212824e-01 2.062948523323212824e-01 2.062948523323212824e-01 2.885126276566381542e-01 2.885126276566381542e-01 2.885126276566381542e-01 2.885126276566381542e-01
2.932393734474192382e-01 2.932393734474192382e-01 2.932393734474192382e-01 2.932393734474192382e-01 2.103488131382831861e-01 2.103488131382831861e-01 2.103488131382831861e-01 2.103488131382831861e-01 2.095811482197074138e-01 2.095811482197074138e-01 2.095811482197074138e-01 2.095811482197074138e-01 2.868306651945901065e-01 2.868306651945901065e-01 2.868306651945901065e-01 2.868306651945901065e-01
2.929374827491029731e-01 2.929374827491029731e-01 2.929374827491029731e-01 2.929374827491029731e-01 2.115046232404085014e-01 2.115046232404085014e-01 2.115046232404085014e-01 2.115046232404085014e-01 2.100037951973502681e-01 2.100037951973502681e-01 2.100037951973502681e-01 2.100037951973502681e-01 2.855540988131382574e-01 2.855540988131382574e-01 2.855540988131382574e-01 2.855540988131382574e-01
2.910485095224951690e-01 2.910485095224951690e-01 2.910485095224951690e-01 2.910485095224951690e-01 2.119272702180513279e-01 2.119272702180513279e-01 2.119272702180513279e-01 2.119272702180513279e-01 2.121946591222743650e-01 2.121946591222743650e-01 2.121946591222743650e-01 2.121946591222743650e-01 2.848295611371791103e-01 2.848295611371791103e-01 2.848295611371791103e-01 2.848295611371791103e-01
2.906172370963290286e-01 2.906172370963290286e-01 2.906172370963290286e-01 2.906172370963290286e-01 2.128156914159536339e-01 2.128156914159536339e-01 2.128156914159536339e-01 2.128156914159536339e-01 2.121429064311344259e-01 2.121429064311344259e-01 2.121429064311344259e-01 2.121429064311344259e-01 2.844241650565829671e-01 2.844241650565829671e-01 2.844241650565829671e-01 2.844241650565829671e-01
2.923854540436102711e-01 2.923854540436102711e-01 2.923854540436102711e-01 2.923854540436102711e-01 2.106938310792161317e-01 2.106938310792161317e-01 2.106938310792161317e-01 2.106938310792161317e-01 2.119703974606679531e-01 2.119703974606679531e-01 2.119703974606679531e-01 2.119703974606679531e-01 2.849503174165056718e-01 2.849503174165056718e-01 2.849503174165056718e-01 2.849503174165056718e-01
2.971380761799613524e-01 2.971380761799613524e-01 2.971380761799613524e-01 2.971380761799613524e-01 2.094776428374275357e-01 2.094776428374275357e-01 2.094776428374275357e-01 2.094776428374275357e-01 2.096415263593706946e-01 2.096415263593706946e-01 2.096415263593706946e-01 2.096415263593706946e-01 2.837427546232403897e-01 2.837427546232403897e-01 2.837427546232403897e-01 2.837427546232403897e-01
2.973882141871377338e-01 2.973882141871377338e-01 2.973882141871377338e-01 2.973882141871377338e-01 2.080285674855092415e-01 2.080285674855092415e-01 2.080285674855092415e-01 2.080285674855092415e-01 2.095638973226607860e-01 2.095638973226607860e-01 2.095638973226607860e-01 2.095638973226607860e-01 2.850193210046922387e-01 2.850193210046922387e-01 2.850193210046922387e-01 2.850193210046922387e-01
2.976211012972674319e-01 2.976211012972674319e-01 2.976211012972674319e-01 2.976211012972674319e-01 2.077525531327628905e-01 2.077525531327628905e-01 2.077525531327628905e-01 2.077525531327628905e-01 2.090894976538779926e-01 2.090894976538779926e-01 2.090894976538779926e-01 2.090894976538779926e-01 2.855368479160916295e-01 2.855368479160916295e-01 2.855368479160916295e-01 2.855368479160916295e-01
2.954474882693899906e-01 2.954474882693899906e-01 2.954474882693899906e-01 2.954474882693899906e-01 2.066398702732542003e-01 2.066398702732542003e-01 2.066398702732542003e-01 2.066398702732542003e-01 2.102366823074799940e-01 2.102366823074799940e-01 2.102366823074799940e-01 2.102366823074799940e-01 2.876759591498758151e-01 2.876759591498758151e-01 2.876759591498758151e-01 2.876759591498758151e-01
2.957235026221363694e-01 2.957235026221363694e-01 2.957235026221363694e-01 2.957235026221363694e-01 2.056479436930720439e-01 2.056479436930720439e-01 2.056479436930720439e-01 2.056479436930720439e-01 2.124102953353574352e-01 2.124102953353574352e-01 2.124102953353574352e-01 2.124102953353574352e-01 2.862182583494341515e-01 2.862182583494341515e-01 2.862182583494341515e-01 2.862182583494341515e-01
2.948782086668506608e-01 2.948782086668506608e-01 2.948782086668506608e-01 2.948782086668506608e-01 2.057428236268286081e-01 2.057428236268286081e-01 2.057428236268286081e-01 2.057428236268286081e-01 2.146701628484681268e-01 2.146701628484681268e-01 2.146701628484681268e-01 2.146701628484681268e-01 2.847088048578526043e-01 2.847088048578526043e-01 2.847088048578526043e-01 2.847088048578526043e-01
2.938259039470052514e-01 2.938259039470052514e-01 2.938259039470052514e-01 2.938259039470052514e-01 2.075196660226331646e-01 2.075196660226331646e-01 2.075196660226331646e-01 2.075196660226331646e-01 2.164383797957493694e-01 2.164383797957493694e-01 2.164383797957493694e-01 2.164383797957493694e-01 2.822160502346122146e-01 2.822160502346122146e-01 2.822160502346122146e-01 2.822160502346122146e-01
2.903325972950593359e-01 2.903325972950593359e-01 2.903325972950593359e-01 2.903325972950593359e-01 2.106162020425062231e-01 2.106162020425062231e-01 2.106162020425062231e-01 2.106162020425062231e-01 2.175596881037814012e-01 2.175596881037814012e-01 2.175596881037814012e-01 2.175596881037814012e-01 2.814915125586530675e-01 2.814915125586530675e-01 2.814915125586530675e-01 2.814915125586530675e-01
2.879519735026221383e-01 2.879519735026221383e-01 2.879519735026221383e-01 2.879519735026221383e-01 2.130485785260833598e-01 2.130485785260833598e-01 2.130485785260833598e-01 2.130485785260833598e-01 2.174389318244548674e-01 2.174389318244548674e-01 2.174389318244548674e-01 2.174389318244548674e-01 2.815605161468396345e-01 2.815605161468396345e-01 2.815605161468396345e-01 2.815605161468396345e-01
2.854505934308583792e-01 2.854505934308583792e-01 2.854505934308583792e-01 2.854505934308583792e-01 2.146442865028981573e-01 2.146442865028981573e-01 2.146442865028981573e-01 2.146442865028981573e-01 2.167575213911123455e-01 2.167575213911123455e-01 2.167575213911123455e-01 2.167575213911123455e-01 2.831475986751311180e-01 2.831475986751311180e-01 2.831475986751311180e-01 2.831475986751311180e-01
2.880468534363787025e-01 2.880468534363787025e-01 2.880468534363787025e-01 2.880468534363787025e-01 2.121860336737510233e-01 2.121860336737510233e-01 2.121860336737510233e-01 2.121860336737510233e-01 2.125396770632072829e-01 2.125396770632072829e-01 2.125396770632072829e-01 2.125396770632072829e-01 2.872274358266629912e-01 2.872274358266629912e-01 2.872274358266629912e-01 2.872274358266629912e-01
2.911002622136351081e-01 2.911002622136351081e-01 2.911002622136351081e-01 2.911002622136351081e-01 2.099175407121170178e-01 2.099175407121170178e-01 2.099175407121170178e-01 2.099175407121170178e-01 2.094000138007176270e-01 2.094000138007176270e-01 2.094000138007176270e-01 2.094000138007176270e-01 2.895821832735302470e-01 2.895821832735302470e-01 2.895821832735302470e-01 2.895821832735302470e-01
2.943003036157880170e-01 2.943003036157880170e-01 2.943003036157880170e-01 2.943003036157880170e-01 2.062085978470880598e-01 2.062085978470880598e-01 2.062085978470880598e-01 2.062085978470880598e-01 2.081234474192658057e-01 2.081234474192658057e-01 2.081234474192658057e-01 2.081234474192658057e-01 2.913676511178581174e-01 2.913676511178581174e-01 2.913676511178581174e-01 2.913676511178581174e-01
2.953784846812034237e-01 2.953784846812034237e-01 2.953784846812034237e-01 2.953784846812034237e-01 2.059325834943417088e-01 2.059325834943417088e-01 2.059325834943417088e-01 2.059325834943417088e-01 2.094776428374275357e-01 2.094776428374275357e-01 2.094776428374275357e-01 2.094776428374275357e-01 2.892112889870273040e-01 2.892112889870273040e-01 2.892112889870273040e-01 2.892112889870273040e-01
2.932221225503726103e-01 2.932221225503726103e-01 2.932221225503726103e-01 2.932221225503726103e-01 2.059325834943417088e-01 2.059325834943417088e-01 2.059325834943417088e-01 2.059325834943417088e-01 2.128501932100469174e-01 2.128501932100469174e-01 2.128501932100469174e-01 2.128501932100469174e-01 2.879951007452387635e-01 2.879951007452387635e-01 2.879951007452387635e-01 2.879951007452387635e-01
2.896339359646701861e-01 2.896339359646701861e-01 2.896339359646701861e-01 2.896339359646701861e-01 2.087531051614683886e-01 2.087531051614683886e-01 2.087531051614683886e-01 2.087531051614683886e-01 2.149548026497377917e-01 2.149548026497377917e-01 2.149548026497377917e-01 2.149548026497377917e-01 2.866581562241236614e-01 2.866581562241236614e-01 2.866581562241236614e-01 2.866581562241236614e-01
2.870290505106265488e-01 2.870290505106265488e-01 2.870290505106265488e-01 2.870290505106265488e-01 2.115736268285950961e-01 2.115736268285950961e-01 2.115736268285950961e-01 2.115736268285950961e-01 2.164987579354126501e-01 2.164987579354126501e-01 2.164987579354126501e-01 2.164987579354126501e-01 2.848985647253657327e-01 2.848985647253657327e-01 2.848985647253657327e-01 2.848985647253657327e-01
2.853298371515318732e-01 2.853298371515318732e-01 2.853298371515318732e-01 2.853298371515318732e-01 2.152221915539608010e-01 2.152221915539608010e-01 2.152221915539608010e-01 2.152221915539608010e-01 2.147822936792713189e-01 2.147822936792713189e-01 2.147822936792713189e-01 2.147822936792713189e-01 2.846656776152359791e-01 2.846656776152359791e-01 2.846656776152359791e-01 2.846656776152359791e-01
2.844931686447695340e-01 2.844931686447695340e-01 2.844931686447695340e-01 2.844931686447695340e-01 2.163521253105161468e-01 2.163521253105161468e-01 2.163521253105161468e-01 2.163521253105161468e-01 2.137558653049958513e-01 2.137558653049958513e-01 2.137558653049958513e-01 2.137558653049958513e-01 2.853988407397184401e-01 2.853988407397184401e-01 2.853988407397184401e-01 2.853988407397184401e-01
2.821470466464255922e-01 2.821470466464255922e-01 2.821470466464255922e-01 2.821470466464255922e-01 2.169472812586254462e-01 2.169472812586254462e-01 2.169472812586254462e-01 2.169472812586254462e-01 2.123326662986475266e-01 2.123326662986475266e-01 2.123326662986475266e-01 2.123326662986475266e-01 2.885730057963014072e-01 2.885730057963014072e-01 2.885730057963014072e-01 2.885730057963014072e-01
2.817157742202594517e-01 2.817157742202594517e-01 2.817157742202594517e-01 2.817157742202594517e-01 2.163089980678995217e-01 2.163089980678995217e-01 2.163089980678995217e-01 2.163089980678995217e-01 2.116771322108749742e-01 2.116771322108749742e-01 2.116771322108749742e-01 2.116771322108749742e-01 2.902980955009660247e-01 2.902980955009660247e-01 2.902980955009660247e-01 2.902980955009660247e-01
2.836047474468672558e-01 2.836047474468672558e-01 2.836047474468672558e-01 2.836047474468672558e-01 2.137213635109025678e-01 2.137213635109025678e-01 2.137213635109025678e-01 2.137213635109025678e-01 2.103401876897598721e-01 2.103401876897598721e-01 2.103401876897598721e-01 2.103401876897598721e-01 2.923337013524703321e-01 2.923337013524703321e-01 2.923337013524703321e-01 2.923337013524703321e-01
2.859508694452111421e-01 2.859508694452111421e-01 2.859508694452111421e-01 2.859508694452111421e-01 2.126345569969638472e-01 2.126345569969638472e-01 2.126345569969638472e-01 2.126345569969638472e-01 2.111941070935688669e-01 2.111941070935688669e-01 2.111941070935688669e-01 2.111941070935688669e-01 2.902204664642561438e-01 2.902204664642561438e-01 2.902204664642561438e-01 2.902204664642561438e-01
2.886506348330113436e-01 2.886506348330113436e-01 2.886506348330113436e-01 2.886506348330113436e-01 2.102539332045266218e-01 2.102539332045266218e-01 2.102539332045266218e-01 2.102539332045266218e-01 2.107542092188793847e-01 2.107542092188793847e-01 2.107542092188793847e-01 2.107542092188793847e-01 2.903412227435826498e-01 2.903412227435826498e-01 2.903412227435826498e-01 2.903412227435826498e-01
2.889439000828042947e-01 2.889439000828042947e-01 2.889439000828042947e-01 2.889439000828042947e-01 2.107887110129726682e-01 2.107887110129726682e-01 2.107887110129726682e-01 2.107887110129726682e-01 2.116685067623516325e-01 2.116685067623516325e-01 2.116685067623516325e-01 2.116685067623516325e-01 2.885988821418714045e-01 2.885988821418714045e-01 2.885988821418714045e-01 2.885988821418714045e-01
2.875293265249793118e-01 2.875293265249793118e-01 2.875293265249793118e-01 2.875293265249793118e-01 2.105817002484129119e-01 2.105817002484129119e-01 2.105817002484129119e-01 2.105817002484129119e-01 2.118496411813414193e-01 2.118496411813414193e-01 2.118496411813414193e-01 2.118496411813414193e-01 2.900393320452663293e-01 2.900393320452663293e-01 2.900393320452663293e-01 2.900393320452663293e-01
2.857697350262213831e-01 2.857697350262213831e-01 2.857697350262213831e-01 2.857697350262213831e-01 2.122550372619376180e-01 2.122550372619376180e-01 2.122550372619376180e-01 2.122550372619376180e-01 2.130572039746066737e-01 2.130572039746066737e-01 2.130572039746066737e-01 2.130572039746066737e-01 2.889180237372343529e-01 2.889180237372343529e-01 2.889180237372343529e-01 2.889180237372343529e-01
2.838117582114270121e-01 2.838117582114270121e-01 2.838117582114270121e-01 2.838117582114270121e-01 2.129709494893734512e-01 2.129709494893734512e-01 2.129709494893734512e-01 2.129709494893734512e-01 2.156275876345569997e-01 2.156275876345569997e-01 2.156275876345569997e-01 2.156275876345569997e-01 2.875897046646425648e-01 2.875897046646425648e-01 2.875897046646425648e-01 2.875897046646425648e-01
2.821729229919955895e-01 2.821729229919955895e-01 2.821729229919955895e-01 2.821729229919955895e-01 2.137903670990891625e-01 2.137903670990891625e-01 2.137903670990891625e-01 2.137903670990891625e-01 2.173440518906983032e-01 2.173440518906983032e-01 2.173440518906983032e-01 2.173440518906983032e-01 2.866926580182169726e-01 2.866926580182169726e-01 2.866926580182169726e-01 2.866926580182169726e-01
2.811551200662434358e-01 2.811551200662434358e-01 2.811551200662434358e-01 2.811551200662434358e-01 2.146184101573281877e-01 2.146184101573281877e-01 2.146184101573281877e-01 2.146184101573281877e-01 2.180599641181341364e-01 2.180599641181341364e-01 2.180599641181341364e-01 2.180599641181341364e-01 2.861665056582942124e-01 2.861665056582942124e-01 2.861665056582942124e-01 2.861665056582942124e-01
2.824316864476952849e-01 2.824316864476952849e-01 2.824316864476952849e-01 2.824316864476952849e-01 2.158949765387800090e-01 2.158949765387800090e-01 2.158949765387800090e-01 2.158949765387800090e-01 2.155930858404637163e-01 2.155930858404637163e-01 2.155930858404637163e-01 2.155930858404637163e-01 2.860802511730610176e-01 2.860802511730610176e-01 2.860802511730610176e-01 2.860802511730610176e-01
2.842775324316864638e-01 2.842775324316864638e-01 2.842775324316864638e-01 2.842775324316864638e-01 2.158691001932100395e-01 2.158691001932100395e-01 2.158691001932100395e-01 2.158691001932100395e-01 2.142820176649185837e-01 2.142820176649185837e-01 2.142820176649185837e-01 2.142820176649185837e-01 2.855713497101849407e-01 2.855713497101849407e-01 2.855713497101849407e-01 2.855713497101849407e-01
2.849675683135522997e-01 2.849675683135522997e-01 2.849675683135522997e-01 2.849675683135522997e-01 2.158777256417333812e-01 2.158777256417333812e-01 2.158777256417333812e-01 2.158777256417333812e-01 2.141526359370687360e-01 2.141526359370687360e-01 2.141526359370687360e-01 2.141526359370687360e-01 2.850020701076456109e-01 2.850020701076456109e-01 2.850020701076456109e-01 2.850020701076456109e-01
2.851142009384488030e-01 2.851142009384488030e-01 2.851142009384488030e-01 2.851142009384488030e-01 2.155413331493237772e-01 2.155413331493237772e-01 2.155413331493237772e-01 2.155413331493237772e-01 2.151359370687275785e-01 2.151359370687275785e-01 2.151359370687275785e-01 2.151359370687275785e-01 2.842085288434998414e-01 2.842085288434998414e-01 2.842085288434998414e-01 2.842085288434998414e-01
2.847433066519459155e-01 2.847433066519459155e-01 2.847433066519459155e-01 2.847433066519459155e-01 2.144890284294783400e-01 2.144890284294783400e-01 2.144890284294783400e-01 2.144890284294783400e-01 2.165505106265525892e-01 2.165505106265525892e-01 2.165505106265525892e-01 2.165505106265525892e-01 2.842171542920232108e-01 2.842171542920232108e-01 2.842171542920232108e-01 2.842171542920232108e-01
2.858387386144079501e-01 2.858387386144079501e-01 2.858387386144079501e-01 2.858387386144079501e-01 2.120135247032845782e-01 2.120135247032845782e-01 2.120135247032845782e-01 2.120135247032845782e-01 2.179995859784708834e-01 2.179995859784708834e-01 2.179995859784708834e-01 2.179995859784708834e-01 2.841481507038365883e-01 2.841481507038365883e-01 2.841481507038365883e-01 2.841481507038365883e-01
2.854074661882418096e-01 2.854074661882418096e-01 2.854074661882418096e-01 2.854074661882418096e-01 2.113493651669886841e-01 2.113493651669886841e-01 2.113493651669886841e-01 2.113493651669886841e-01 2.205527187413745538e-01 2.205527187413745538e-01 2.205527187413745538e-01 2.205527187413745538e-01 2.826904499033949802e-01 2.826904499033949802e-01 2.826904499033949802e-01 2.826904499033949802e-01
2.856662296439415050e-01 2.856662296439415050e-01 2.856662296439415050e-01 2.856662296439415050e-01 2.130744548716533293e-01 2.130744548716533293e-01 2.130744548716533293e-01 2.130744548716533293e-01 2.206303477780844624e-01 2.206303477780844624e-01 2.206303477780844624e-01 2.206303477780844624e-01 2.806289677063207311e-01 2.806289677063207311e-01 2.806289677063207311e-01 2.806289677063207311e-01
2.828888352194314226e-01 2.828888352194314226e-01 2.828888352194314226e-01 2.828888352194314226e-01 2.146960391940380963e-01 2.146960391940380963e-01 2.146960391940380963e-01 2.146960391940380963e-01 2.223209356886557964e-01 2.223209356886557964e-01 2.223209356886557964e-01 2.223209356886557964e-01 2.800941898978747124e-01 2.800941898978747124e-01 2.800941898978747124e-01 2.800941898978747124e-01
2.811896218603367470e-01 2.811896218603367470e-01 2.811896218603367470e-01 2.811896218603367470e-01 2.174475572729781814e-01 2.174475572729781814e-01 2.174475572729781814e-01 2.174475572729781814e-01 2.210271184101573194e-01 2.210271184101573194e-01 2.210271184101573194e-01 2.210271184101573194e-01 2.803357024565277245e-01 2.803357024565277245e-01 2.803357024565277245e-01 2.803357024565277245e-01
2.805340877725641668e-01 2.805340877725641668e-01 2.805340877725641668e-01 2.805340877725641668e-01 2.184394838531603655e-01 2.184394838531603655e-01 2.184394838531603655e-01 2.184394838531603655e-01 2.219241650565829393e-01 2.219241650565829393e-01 2.219241650565829393e-01 2.219241650565829393e-01 2.791022633176925005e-01 2.791022633176925005e-01 2.791022633176925005e-01 2.791022633176925005e-01
2.810602401324868715e-01 2.810602401324868715e-01 2.810602401324868715e-01 2.810602401324868715e-01 2.204837151531879591e-01 2.204837151531879591e-01 2.204837151531879591e-01 2.204837151531879591e-01 2.203198316312448279e-01 2.203198316312448279e-01 2.203198316312448279e-01 2.203198316312448279e-01 2.781362130830803414e-01 2.781362130830803414e-01 2.781362130830803414e-01 2.781362130830803414e-01
2.802063207286779045e-01 2.802063207286779045e-01 2.802063207286779045e-01 2.802063207286779045e-01 2.195866685067623392e-01 2.195866685067623392e-01 2.195866685067623392e-01 2.195866685067623392e-01 2.213462600055202956e-01 2.213462600055202956e-01 2.213462600055202956e-01 2.213462600055202956e-01 2.788607507590394885e-01 2.788607507590394885e-01 2.788607507590394885e-01 2.788607507590394885e-01
2.802408225227711602e-01 2.802408225227711602e-01 2.802408225227711602e-01 2.802408225227711602e-01 2.203543334253381114e-01 2.203543334253381114e-01 2.203543334253381114e-01 2.203543334253381114e-01 2.198195556168920650e-01 2.198195556168920650e-01 2.198195556168920650e-01 2.198195556168920650e-01 2.795852884349986356e-01 2.795852884349986356e-01 2.795852884349986356e-01 2.795852884349986356e-01
2.795852884349986356e-01 2.795852884349986356e-01 2.795852884349986356e-01 2.795852884349986356e-01 2.198195556168920650e-01 2.198195556168920650e-01 2.198195556168920650e-01 2.198195556168920650e-01 2.203543334253381114e-01 2.203543334253381114e-01 2.203543334253381114e-01 2.203543334253381114e-01 2.802408225227711602e-01 2.802408225227711602e-01 2.802408225227711602e-01 2.802408225227711602e-01
2.788607507590394885e-01 2.788607507590394885e-01 2.788607507590394885e-01 2.788607507590394885e-01 2.213462600055202956e-01 2.213462600055202956e-01 2.213462600055202956e-01 2.213462600055202956e-01 2.195866685067623392e-01 2.195866685067623392e-01 2.195866685067623392e-01 2.195866685067623392e-01 2.802063207286779045e-01 2.802063207286779045e-01 2.802063207286779045e-01 2.802063207286779045e-01
2.781362130830803414e-01 2.781362130830803414e-01 2.781362130830803414e-01 2.781362130830803414e-01 2.203198316312448279e-01 2.203198316312448279e-01 2.203198316312448279e-01 2.203198316312448279e-01 2.204837151531879591e-01 2.204837151531879591e-01 2.204837151531879591e-01 2.204837151531879591e-01 2.810602401324868715e-01 2.810602401324868715e-01 2.810602401324868715e-01 2.810602401324868715e-01
2.791022633176925005e-01 2.791022633176925005e-01 2.791022633176925005e-01 2.791022633176925005e-01 2.219241650565829393e-01 2.219241650565829393e-01 2.219241650565829393e-01 2.219241650565829393e-01 2.184394838531603655e-01 2.184394838531603655e-01 2.184394838531603655e-01 2.184394838531603655e-01 2.805340877725641668e-01 2.805340877725641668e-01 2.805340877725641668e-01 2.805340877725641668e-01
2.803357024565277245e-01 2.803357024565277245e-01 2.803357024565277245e-01 2.803357024565277245e-01 2.210271184101573194e-01 2.210271184101573194e-01 2.210271184101573194e-01 2.210271184101573194e-01 2.174475572729781814e-01 2.174475572729781814e-01 2.174475572729781814e-01 2.174475572729781814e-01 2.811896218603367470e-01 2.811896218603367470e-01 2.811896218603367470e-01 2.811896218603367470e-01
2.800941898978747124e-01 2.800941898978747124e-01 2.800941898978747124e-01 2.800941898978747124e-01 2.223209356886557964e-01 2.223209356886557964e-01 2.223209356886557964e-01 2.223209356886557964e-01 2.146960391940380963e-01 2.146960391940380963e-01 2.146960391940380963e-01 2.146960391940380963e-01 2.828888352194314226e-01 2.828888352194314226e-01 2.828888352194314226e-01 2.828888352194314226e-01
2.806289677063207311e-01 2.806289677063207311e-01 2.806289677063207311e-01 2.806289677063207311e-01 2.206303477780844624e-01 2.206303477780844624e-01 2.206303477780844624e-01 2.206303477780844624e-01 2.130744548716533293e-01 2.130744548716533293e-01 2.130744548716533293e-01 2.130744548716533293e-01 2.856662296439415050e-01 2.856662296439415050e-01 2.856662296439415050e-01 2.856662296439415050e-01
2.826904499033949802e-01 2.826904499033949802e-01 2.826904499033949802e-01 2.826904499033949802e-01 2.205527187413745538e-01 2.205527187413745538e-01 2.205527187413745538e-01 2.205527187413745538e-01 2.113493651669886841e-01 2.113493651669886841e-01 2.113493651669886841e-01 2.113493651669886841e-01 2.854074661882418096e-01 2.854074661882418096e-01 2.854074661882418096e-01 2.854074661882418096e-01
2.841481507038365883e-01 2.841481507038365883e-01 2.841481507038365883e-01 2.841481507038365883e-01 2.179995859784708834e-01 2.179995859784708834e-01 2.179995859784708834e-01 2.179995859784708834e-01 2.120135247032845782e-01 2.120135247032845782e-01 2.120135247032845782e-01 2.120135247032845782e-01 2.858387386144079501e-01 2.858387386144079501e-01 2.858387386144079501e-01 2.858387386144079501e-01
2.842171542920232108e-01 2.842171542920232108e-01 2.842171542920232108e-01 2.842171542920232108e-01 2.165505106265525892e-01 2.165505106265525892e-01 2.165505106265525892e-01 2.165505106265525892e-01 2.144890284294783400e-01 2.144890284294783400e-01 2.144890284294783400e-01 2.144890284294783400e-01 2.847433066519459155e-01 2.847433066519459155e-01 2.847433066519459155e-01 2.847433066519459155e-01
2.842085288434998414e-01 2.842085288434998414e-01 2.842085288434998414e-01 2.842085288434998414e-01 2.151359370687275785e-01 2.151359370687275785e-01 2.151359370687275785e-01 2.151359370687275785e-01 2.155413331493237772e-01 2.155413331493237772e-01 2.155413331493237772e-01 2.155413331493237772e-01 2.851142009384488030e-01 2.851142009384488030e-01 2.851142009384488030e-01 2.851142009384488030e-01
2.850020701076456109e-01 2.850020701076456109e-01 2.850020701076456109e-01 2.850020701076456109e-01 2.141526359370687360e-01 2.141526359370687360e-01 2.141526359370687360e-01 2.141526359370687360e-01 2.158777256417333812e-01 2.158777256417333812e-01 2.158777256417333812e-01 2.158777256417333812e-01 2.849675683135522997e-01 2.849675683135522997e-01 2.849675683135522997e-01 2.849675683135522997e-01
2.855713497101849407e-01 2.855713497101849407e-01 2.855713497101849407e-01 2.855713497101849407e-01 2.142820176649185837e-01 2.142820176649185837e-01 2.142820176649185837e-01 2.142820176649185837e-01 2.158691001932100395e-01 2.158691001932100395e-01 2.158691001932100395e-01 2.158691001932100395e-01 2.842775324316864638e-01 2.842775324316864638e-01 2.842775324316864638e-01 2.842775324316864638e-01
2.860802511730610176e-01 2.860802511730610176e-01 2.860802511730610176e-01 2.860802511730610176e-01 2.155930858404637163e-01 2.155930858404637163e-01 2.155930858404637163e-01 2.155930858404637163e-01 2.158949765387800090e-01 2.158949765387800090e-01 2.158949765387800090e-01 2.158949765387800090e-01 2.824316864476952849e-01 2.824316864476952849e-01 2.824316864476952849e-01 2.824316864476952849e-01
2.861665056582942124e-01 2.861665056582942124e-01 2.861665056582942124e-01 2.861665056582942124e-01 2.180599641181341364e-01 2.180599641181341364e-01 2.180599641181341364e-01 2.180599641181341364e-01 2.146184101573281877e-01 2.146184101573281877e-01 2.146184101573281877e-01 2.146184101573281877e-01 2.811551200662434358e-01 2.811551200662434358e-01 2.811551200662434358e-01 2.811551200662434358e-01
2.866926580182169726e-01 2.866926580182169726e-01 2.866926580182169726e-01 2.866926580182169726e-01 2.173440518906983032e-01 2.173440518906983032e-01 2.173440518906983032e-01 2.173440518906983032e-01 2.137903670990891625e-01 2.137903670990891625e-01 2.137903670990891625e-01 2.137903670990891625e-01 2.821729229919955895e-01 2.821729229919955895e-01 2.821729229919955895e-01 2.821729229919955895e-01
2.875897046646425648e-01 2.875897046646425648e-01 2.875897046646425648e-01 2.875897046646425648e-01 2.156275876345569997e-01 2.156275876345569997e-01 2.156275876345569997e-01 2.156275876345569997e-01 2.129709494893734512e-01 2.129709494893734512e-01 2.129709494893734512e-01 2.129709494893734512e-01 2.838117582114270121e-01 2.838117582114270121e-01 2.838117582114270121e-01 2.838117582114270121e-01
2.889180237372343529e-01 2.889180237372343529e-01 2.889180237372343529e-01 2.889180237372343529e-01 2.130572039746066737e-01 2.130572039746066737e-01 2.130572039746066737e-01 2.130572039746066737e-01 2.122550372619376180e-01 2.122550372619376180e-01 2.122550372619376180e-01 2.122550372619376180e-01 2.857697350262213831e-01 2.857697350262213831e-01 2.857697350262213831e-01 2.857697350262213831e-01
2.900393320452663293e-01 2.900393320452663293e-01 2.900393320452663293e-01 2.900393320452663293e-01 2.118496411813414193e-01 2.118496411813414193e-01 2.118496411813414193e-01 2.118496411813414193e-01 2.105817002484129119e-01 2.105817002484129119e-01 2.105817002484129119e-01 2.105817002484129119e-01 2.875293265249793118e-01 2.875293265249793118e-01 2.875293265249793118e-01 2.875293265249793118e-01
2.885988821418714045e-01 2.885988821418714045e-01 2.885988821418714045e-01 2.885988821418714045e-01 2.116685067623516325e-01 2.116685067623516325e-01 2.116685067623516325e-01 2.116685067623516325e-01 2.107887110129726682e-01 2.107887110129726682e-01 2.107887110129726682e-01 2.107887110129726682e-01 2.889439000828042947e-01 2.889439000828042947e-01 2.889439000828042947e-01 2.889439000828042947e-01
2.903412227435826498e-01 2.903412227435826498e-01 2.903412227435826498e-01 2.903412227435826498e-01 2.107542092188793847e-01 2.107542092188793847e-01 2.107542092188793847e-01 2.107542092188793847e-01 2.102539332045266218e-01 2.102539332045266218e-01 2.102539332045266218e-01 2.102539332045266218e-01 2.886506348330113436e-01 2.886506348330113436e-01 2.886506348330113436e-01 2.886506348330113436e-01
2.902204664642561438e-01 2.902204664642561438e-01 2.902204664642561438e-01 2.902204664642561438e-01 2.111941070935688669e-01 2.111941070935688669e-01 2.111941070935688669e-01 2.111941070935688669e-01 2.126345569969638472e-01 2.126345569969638472e-01 2.126345569969638472e-01 2.126345569969638472e-01 2.859508694452111421e-01 2.859508694452111421e-01 2.859508694452111421e-01 2.859508694452111421e-01
2.923337013524703321e-01 2.923337013524703321e-01 2.923337013524703321e-01 2.923337013524703321e-01 2.103401876897598721e-01 2.103401876897598721e-01 2.103401876897598721e-01 2.103401876897598721e-01 2.137213635109025678e-01 2.137213635109025678e-01 2.137213635109025678e-01 2.137213635109025678e-01 2.836047474468672558e-01 2.836047474468672558e-01 2.836047474468672558e-01 2.836047474468672558e-01
2.902980955009660247e-01 2.902980955009660247e-01 2.902980955009660247e-01 2.902980955009660247e-01 2.116771322108749742e-01 2.116771322108749742e-01 2.116771322108749742e-01 2.116771322108749742e-01 2.163089980678995217e-01 2.163089980678995217e-01 2.163089980678995217e-01 2.163089980678995217e-01 2.817157742202594517e-01 2.817157742202594517e-01 2.817157742202594517e-01 2.817157742202594517e-01
2.885730057963014072e-01 2.885730057963014072e-01 2.885730057963014072e-01 2.885730057963014072e-01 2.123326662986475266e-01 2.123326662986475266e-01 2.123326662986475266e-01 2.123326662986475266e-01 2.169472812586254462e-01 2.169472812586254462e-01 2.169472812586254462e-01 2.169472812586254462e-01 2.821470466464255922e-01 2.821470466464255922e-01 2.821470466464255922e-01 2.821470466464255922e-01
2.853988407397184401e-01 2.853988407397184401e-01 2.853988407397184401e-01 2.853988407397184401e-01 2.137558653049958513e-01 2.137558653049958513e-01 2.137558653049958513e-01 2.137558653049958513e-01 2.163521253105161468e-01 2.163521253105161468e-01 2.163521253105161468e-01 2.163521253105161468e-01 2.844931686447695340e-01 2.844931686447695340e-01 2.844931686447695340e-01 2.844931686447695340e-01
2.846656776152359791e-01 2.846656776152359791e-01 2.846656776152359791e-01 2.846656776152359791e-01 2.147822936792713189e-01 2.147822936792713189e-01 2.147822936792713189e-01 2.147822936792713189e-01 2.152221915539608010e-01 2.152221915539608010e-01 2.152221915539608010e-01 2.152221915539608010e-01 2.853298371515318732e-01 2.853298371515318732e-01 2.853298371515318732e-01 2.853298371515318732e-01
2.848985647253657327e-01 2.848985647253657327e-01 2.848985647253657327e-01 2.848985647253657327e-01 2.164987579354126501e-01 2.164987579354126501e-01 2.164987579354126501e-01 2.164987579354126501e-01 2.115736268285950961e-01 2.115736268285950961e-01 2.115736268285950961e-01 2.115736268285950961e-01 2.870290505106265488e-01 2.870290505106265488e-01 2.870290505106265488e-01 2.870290505106265488e-01
2.866581562241236614e-01 2.866581562241236614e-01 2.866581562241236614e-01 2.866581562241236614e-01 2.149548026497377917e-01 2.149548026497377917e-01 2.149548026497377917e-01 2.149548026497377917e-01 2.087531051614683886e-01 2.087531051614683886e-01 2.087531051614683886e-01 2.087531051614683886e-01 2.896339359646701861e-01 2.896339359646701861e-01 2.896339359646701861e-01 2.896339359646701861e-01
2.879951007452387635e-01 2.879951007452387635e-01 2.879951007452387635e-01 2.879951007452387635e-01 2.128501932100469174e-01 2.128501932100469174e-01 2.128501932100469174e-01 2.128501932100469174e-01 2.059325834943417088e-01 2.059325834943417088e-01 2.059325834943417088e-01 2.059325834943417088e-01 2.932221225503726103e-01 2.932221225503726103e-01 2.932221225503726103e-01 2.932221225503726103e-01
2.892112889870273040e-01 2.892112889870273040e-01 2.892112889870273040e-01 2.892112889870273040e-01 2.094776428374275357e-01 2.094776428374275357e-01 2.094776428374275357e-01 2.094776428374275357e-01 2.059325834943417088e-01 2.059325834943417088e-01 2.059325834943417088e-01 2.059325834943417088e-01 2.953784846812034237e-01 2.953784846812034237e-01 2.953784846812034237e-01 2.953784846812034237e-01
2.913676511178581174e-01 2.913676511178581174e-01 2.913676511178581174e-01 2.913676511178581174e-01 2.081234474192658057e-01 2.081234474192658057e-01 2.081234474192658057e-01 2.081234474192658057e-01 2.062085978470880598e-01 2.062085978470880598e-01 2.062085978470880598e-01 2.062085978470880598e-01 2.943003036157880170e-01 2.943003036157880170e-01 2.943003036157880170e-01 2.943003036157880170e-01
2.895821832735302470e-01 2.895821832735302470e-01 2.895821832735302470e-01 2.895821832735302470e-01 2.094000138007176270e-01 2.094000138007176270e-01 2.094000138007176270e-01 2.094000138007176270e-01 2.099175407121170178e-01 2.099175407121170178e-01 2.099175407121170178e-01 2.099175407121170178e-01 2.911002622136351081e-01 2.911002622136351081e-01 2.911002622136351081e-01 2.911002622136351081e-01
2.872274358266629912e-01 2.872274358266629912e-01 2.872274358266629912e-01 2.872274358266629912e-01 2.125396770632072829e-01 2.125396770632072829e-01 2.125396770632072829e-01 2.125396770632072829e-01 2.121860336737510233e-01 2.121860336737510233e-01 2.121860336737510233e-01 2.121860336737510233e-01 2.880468534363787025e-01 2.880468534363787025e-01 2.880468534363787025e-01 2.880468534363787025e-01
2.831475986751311180e-01 2.831475986751311180e-01 2.831475986751311180e-01 2.831475986751311180e-01 2.167575213911123455e-01 2.167575213911123455e-01 2.167575213911123455e-01 2.167575213911123455e-01 2.146442865028981573e-01 2.146442865028981573e-01 2.146442865028981573e-01 2.146442865028981573e-01 2.854505934308583792e-01 2.854505934308583792e-01 2.854505934308583792e-01 2.854505934308583792e-01
2.815605161468396345e-01 2.815605161468396345e-01 2.815605161468396345e-01 2.815605161468396345e-01 2.174389318244548674e-01 2.174389318244548674e-01 2.174389318244548674e-01 2.174389318244548674e-01 2.130485785260833598e-01 2.130485785260833598e-01 2.130485785260833598e-01 2.130485785260833598e-01 2.879519735026221383e-01 2.879519735026221383e-01 2.879519735026221383e-01 2.879519735026221383e-01
2.814915125586530675e-01 2.814915125586530675e-01 2.814915125586530675e-01 2.814915125586530675e-01 2.175596881037814012e-01 2.175596881037814012e-01 2.175596881037814012e-01 2.175596881037814012e-01 2.106162020425062231e-01 2.106162020425062231e-01 2.106162020425062231e-01 2.106162020425062231e-01 2.903325972950593359e-01 2.903325972950593359e-01 2.903325972950593359e-01 2.903325972950593359e-01
2.822160502346122146e-01 2.822160502346122146e-01 2.822160502346122146e-01 2.822160502346122146e-01 2.164383797957493694e-01 2.164383797957493694e-01 2.164383797957493694e-01 2.164383797957493694e-01 2.075196660226331646e-01 2.075196660226331646e-01 2.075196660226331646e-01 2.075196660226331646e-01 2.938259039470052514e-01 2.938259039470052514e-01 2.938259039470052514e-01 2.938259039470052514e-01
2.847088048578526043e-01 2.847088048578526043e-01 2.847088048578526043e-01 2.847088048578526043e-01 2.146701628484681268e-01 2.146701628484681268e-01 2.146701628484681268e-01 2.146701628484681268e-01 2.057428236268286081e-01 2.057428236268286081e-01 2.057428236268286081e-01 2.057428236268286081e-01 2.948782086668506608e-01 2.948782086668506608e-01 2.948782086668506608e-01 2.948782086668506608e-01
2.862182583494341515e-01 2.862182583494341515e-01 2.862182583494341515e-01 2.862182583494341515e-01 2.124102953353574352e-01 2.124102953353574352e-01 2.124102953353574352e-01 2.124102953353574352e-01 2.056479436930720439e-01 2.056479436930720439e-01 2.056479436930720439e-01 2.056479436930720439e-01 2.957235026221363694e-01 2.957235026221363694e-01 2.957235026221363694e-01 2.957235026221363694e-01
2.876759591498758151e-01 2.876759591498758151e-01 2.876759591498758151e-01 2.876759591498758151e-01 2.102366823074799940e-01 2.102366823074799940e-01 2.102366823074799940e-01 2.102366823074799940e-01 2.066398702732542003e-01 2.066398702732542003e-01 2.066398702732542003e-01 2.066398702732542003e-01 2.954474882693899906e-01 2.954474882693899906e-01 2.954474882693899906e-01 2.954474882693899906e-01
2.855368479160916295e-01 2.855368479160916295e-01 2.855368479160916295e-01 2.855368479160916295e-01 2.090894976538779926e-01 2.090894976538779926e-01 2.090894976538779926e-01 2.090894976538779926e-01 2.077525531327628905e-01 2.077525531327628905e-01 2.077525531327628905e-01 2.077525531327628905e-01 2.976211012972674319e-01 2.976211012972674319e-01 2.976211012972674319e-01 2.976211012972674319e-01
2.850193210046922387e-01 2.850193210046922387e-01 2.850193210046922387e-01 2.850193210046922387e-01 2.095638973226607860e-01 2.095638973226607860e-01 2.095638973226607860e-01 2.095638973226607860e-01 2.080285674855092415e-01 2.080285674855092415e-01 2.080285674855092415e-01 2.080285674855092415e-01 2.973882141871377338e-01 2.973882141871377338e-01 2.973882141871377338e-01 2.973882141871377338e-01
2.837427546232403897e-01 2.837427546232403897e-01 2.837427546232403897e-01 2.837427546232403897e-01 2.096415263593706946e-01 2.096415263593706946e-01 2.096415263593706946e-01 2.096415263593706946e-01 2.094776428374275357e-01 2.094776428374275357e-01 2.094776428374275357e-01 2.094776428374275357e-01 2.971380761799613524e-01 2.971380761799613524e-01 2.971380761799613524e-01 2.971380761799613524e-01
2.849503174165056718e-01 2.849503174165056718e-01 2.849503174165056718e-01 2.849503174165056718e-01 2.119703974606679531e-01 2.119703974606679531e-01 2.119703974606679531e-01 2.119703974606679531e-01 2.106938310792161317e-01 2.106938310792161317e-01 2.106938310792161317e-01 2.106938310792161317e-01 2.923854540436102711e-01 2.923854540436102711e-01 2.923854540436102711e-01 2.923854540436102711e-01
2.844241650565829671e-01 2.844241650565829671e-01 2.844241650565829671e-01 2.844241650565829671e-01 2.121429064311344259e-01 2.121429064311344259e-01 2.121429064311344259e-01 2.121429064311344259e-01 2.128156914159536339e-01 2.128156914159536339e-01 2.128156914159536339e-01 2.128156914159536339e-01 2.906172370963290286e-01 2.906172370963290286e-01 2.906172370963290286e-01 2.906172370963290286e-01
2.848295611371791103e-01 2.848295611371791103e-01 2.848295611371791103e-01 2.848295611371791103e-01 2.121946591222743650e-01 2.121946591222743650e-01 2.121946591222743650e-01 2.121946591222743650e-01 2.119272702180513279e-01 2.119272702180513279e-01 2.119272702180513279e-01 2.119272702180513279e-01 2.910485095224951690e-01 2.910485095224951690e-01 2.910485095224951690e-01 2.910485095224951690e-01
2.855540988131382574e-01 2.855540988131382574e-01 2.855540988131382574e-01 2.855540988131382574e-01 2.100037951973502681e-01 2.100037951973502681e-01 2.100037951973502681e-01 2.100037951973502681e-01 2.115046232404085014e-01 2.115046232404085014e-01 2.115046232404085014e-01 2.115046232404085014e-01 2.929374827491029731e-01 2.929374827491029731e-01 2.929374827491029731e-01 2.929374827491029731e-01
2.868306651945901065e-01 2.868306651945901065e-01 2.868306651945901065e-01 2.868306651945901065e-01 2.095811482197074138e-01 2.095811482197074138e-01 2.095811482197074138e-01 2.095811482197074138e-01 2.103488131382831861e-01 2.103488131382831861e-01 2.103488131382831861e-01 2.103488131382831861e-01 2.932393734474192382e-01 2.932393734474192382e-01 2.932393734474192382e-01 2.932393734474192382e-01
2.885126276566381542e-01 2.885126276566381542e-01 2.885126276566381542e-01 2.885126276566381542e-01 2.062948523323212824e-01 2.062948523323212824e-01 2.062948523323212824e-01 2.062948523323212824e-01 2.094431410433342522e-01 2.094431410433342522e-01 2.094431410433342522e-01 2.094431410433342522e-01 2.957493789677063112e-01 2.957493789677063112e-01 2.957493789677063112e-01 2.957493789677063112e-01
2.910312586254485412e-01 2.910312586254485412e-01 2.910312586254485412e-01 2.910312586254485412e-01 2.042764973778636584e-01 2.042764973778636584e-01 2.042764973778636584e-01 2.042764973778636584e-01 2.085374689483853183e-01 2.085374689483853183e-01 2.085374689483853183e-01 2.085374689483853183e-01 2.961547750483025099e-01 2.961547750483025099e-01 2.961547750483025099e-01 2.961547750483025099e-01
2.928943555064863480e-01 2.928943555064863480e-01 2.928943555064863480e-01 2.928943555064863480e-01 2.020856334529395615e-01 2.020856334529395615e-01 2.020856334529395615e-01 2.020856334529395615e-01 2.073730333977366891e-01 2.073730333977366891e-01 2.073730333977366891e-01 2.073730333977366891e-01 2.976469776428374292e-01 2.976469776428374292e-01 2.976469776428374292e-01 2.976469776428374292e-01
2.907811206182721597e-01 2.907811206182721597e-01 2.907811206182721597e-01 2.907811206182721597e-01 2.050010350538228054e-01 2.050010350538228054e-01 2.050010350538228054e-01 2.050010350538228054e-01 2.082787054926856229e-01 2.082787054926856229e-01 2.082787054926856229e-01 2.082787054926856229e-01 2.959391388352194396e-01 2.959391388352194396e-01 2.959391388352194396e-01 2.959391388352194396e-01
2.879692243996687662e-01 2.879692243996687662e-01 2.879692243996687662e-01 2.879692243996687662e-01 2.075800441622964454e-01 2.075800441622964454e-01 2.075800441622964454e-01 2.075800441622964454e-01 2.098744134695004204e-01 2.098744134695004204e-01 2.098744134695004204e-01 2.098744134695004204e-01 2.945763179685343403e-01 2.945763179685343403e-01 2.945763179685343403e-01 2.945763179685343403e-01
2.849158156224123606e-01 2.849158156224123606e-01 2.849158156224123606e-01 2.849158156224123606e-01 2.093741374551476575e-01 2.093741374551476575e-01 2.093741374551476575e-01 2.093741374551476575e-01 2.134971018492961559e-01 2.134971018492961559e-01 2.134971018492961559e-01 2.134971018492961559e-01 2.922129450731438260e-01 2.922129450731438260e-01 2.922129450731438260e-01 2.922129450731438260e-01
2.858214877173613222e-01 2.858214877173613222e-01 2.858214877173613222e-01 2.858214877173613222e-01 2.094690173889042217e-01 2.094690173889042217e-01 2.094690173889042217e-01 2.094690173889042217e-01 2.152135661054374871e-01 2.152135661054374871e-01 2.152135661054374871e-01 2.152135661054374871e-01 2.894959287882969967e-01 2.894959287882969967e-01 2.894959287882969967e-01 2.894959287882969967e-01
2.868910433342533595e-01 2.868910433342533595e-01 2.868910433342533595e-01 2.868910433342533595e-01 2.095638973226607860e-01 2.095638973226607860e-01 2.095638973226607860e-01 2.095638973226607860e-01 2.149806789953077613e-01 2.149806789953077613e-01 2.149806789953077613e-01 2.149806789953077613e-01 2.885643803477780933e-01 2.885643803477780933e-01 2.885643803477780933e-01 2.885643803477780933e-01
2.892112889870273040e-01 2.892112889870273040e-01 2.892112889870273040e-01 2.892112889870273040e-01 2.101418023737234297e-01 2.101418023737234297e-01 2.101418023737234297e-01 2.101418023737234297e-01 2.106507038365995066e-01 2.106507038365995066e-01 2.106507038365995066e-01 2.106507038365995066e-01 2.899962048026497596e-01 2.899962048026497596e-01 2.899962048026497596e-01 2.899962048026497596e-01
2.924372067347502102e-01 2.924372067347502102e-01 2.924372067347502102e-01 2.924372067347502102e-01 2.092965084184377489e-01 2.092965084184377489e-01 2.092965084184377489e-01 2.092965084184377489e-01 2.071315208390836216e-01 2.071315208390836216e-01 2.071315208390836216e-01 2.071315208390836216e-01 2.911347640077284193e-01 2.911347640077284193e-01 2.911347640077284193e-01 2.911347640077284193e-01
2.957148771736130555e-01 2.957148771736130555e-01 2.957148771736130555e-01 2.957148771736130555e-01 2.062430996411813433e-01 2.062430996411813433e-01 2.062430996411813433e-01 2.062430996411813433e-01 2.041384902014904690e-01 2.041384902014904690e-01 2.041384902014904690e-01 2.041384902014904690e-01 2.939035329837151322e-01 2.939035329837151322e-01 2.939035329837151322e-01 2.939035329837151322e-01
2.970345707976814742e-01 2.970345707976814742e-01 2.970345707976814742e-01 2.970345707976814742e-01 2.028015456803753669e-01 2.028015456803753669e-01 2.028015456803753669e-01 2.028015456803753669e-01 2.035950869445211087e-01 2.035950869445211087e-01 2.035950869445211087e-01 2.035950869445211087e-01 2.965687965774220225e-01 2.965687965774220225e-01 2.965687965774220225e-01 2.965687965774220225e-01
2.966464256141319589e-01 2.966464256141319589e-01 2.966464256141319589e-01 2.966464256141319589e-01 2.010592050786640939e-01 2.010592050786640939e-01 2.010592050786640939e-01 2.010592050786640939e-01 2.042506210322936888e-01 2.042506210322936888e-01 2.042506210322936888e-01 2.042506210322936888e-01 2.980437482749103140e-01 2.980437482749103140e-01 2.980437482749103140e-01 2.980437482749103140e-01
